3 3 1 0
4 3 3 1
10 3 3 1
11 3 0 0
12 3 5 1
13 3 3 1
14 3 1 0
15 3 3 1
16 3 1 0
17 3 3 1
18 3 3 1
19 3 3 1
20 3 3 1
21 3 3 1
22 3 0 0
23 3 3 1
24 3 2 1
26 3 1 0
27 3 0 0
28 3 1 0
29 3 0 0
31 3 0 0
32 3 0 0
33 3 0 0
34 3 0 0
41 3 3 1
43 3 1 0
44 3 3 1
45 3 3 1
49 3 0 0
50 3 1 0
51 3 3 1
52 3 3 1
53 3 3 1
54 3 3 1
55 3 0 0
56 3 3 1
57 3 0 0
58 3 0 0
59 3 3 1
70 3 1 0
71 3 3 1
72 3 0 0
74 3 3 1
214 3 0 0
215 3 0 0
455 3 2 1
458 3 0 0
480 4 1 0
506 3 2 1
551 3 2 1
610 3 1 0
611 3 1 0
850 3 3 1
851 3 3 1
852 3 3 1
853 3 3 1
854 3 3 1
855 3 3 1
856 3 3 1
857 3 8 1
858 3 1 0
859 3 1 0
860 3 1 0
861 3 1 0
863 3 1 0
864 3 1 0
865 3 0 0
866 3 3 1
867 3 3 1
868 3 1 0
869 3 3 1
870 3 3 1
871 3 3 1
872 3 1 0
873 3 3 1
874 3 1 0
875 3 1 0
876 3 0 0
877 3 3 1
878 3 3 1
879 3 3 1
880 3 1 0
881 3 3 1
882 3 4 1
883 3 3 1
884 3 3 1
885 3 2 1
886 3 2 1
887 3 0 0
888 3 3 1
889 3 2 1
890 3 2 1
891 3 1 0
892 3 1 0
1000 3 5 1
1001 3 6 1
1002 3 4 1
1003 3 3 1
1004 3 2 1
1005 3 3 1
1006 3 4 1
1007 3 3 1
1008 3 0 0
1010 3 0 0
1011 3 3 1
1012 3 3 1
1014 3 3 1
1015 3 3 1
1016 3 3 1
1017 3 0 0
1018 3 0 0
1019 3 0 0
1020 3 0 0
1021 3 0 0
1022 3 3 1
1023 3 0 0
1024 3 0 0
1025 3 0 0
1026 3 0 0
1027 3 0 0
1029 3 3 1
1030 3 3 1
1031 3 3 1
1032 3 0 0
1033 3 2 1
1034 3 0 0
1035 3 1 0
1036 3 0 0
1037 3 1 0
1038 3 0 0
1039 3 0 0
1040 3 1 0
1041 3 0 0
1042 3 2 1
1043 3 4 1
1044 3 2 1
1045 3 1 0
1046 3 9 1
1047 3 0 0
1048 3 2 1
1049 3 2 1
1050 3 0 0
1051 3 0 0
1052 3 0 0
1053 3 3 1
1054 3 0 0
1055 3 3 1
1056 3 0 0
1057 3 1 0
1058 3 0 0
1059 3 1 0
1060 3 2 1
1061 3 2 1
1062 3 3 1
1064 3 2 1
1065 3 0 0
1066 3 0 0
1067 3 2 1
1068 3 1 0
1069 3 2 1
1070 3 2 1
1071 3 6 1
1072 3 4 1
1073 3 0 0
1074 3 2 1
1075 3 2 1
1076 3 0 0
1077 3 3 1
1078 3 2 1
1079 3 2 1
1080 3 6 1
1081 3 2 1
1139 3 4 1
1140 3 3 1
1141 3 3 1
1142 3 3 1
1143 3 12 1
1144 3 4 1
1145 3 3 1
1146 3 0 0
1147 3 3 1
1148 3 3 1
1149 3 0 0
1150 3 3 1
1151 3 0 0
1152 3 4 1
1153 3 3 1
1154 3 4 1
1155 3 3 1
1156 3 3 1
1157 3 5 1
1158 3 1 0
1159 3 67 1
1160 3 3 1
1161 3 1 0
1162 3 3 1
1163 3 5 1
1164 3 13 1
1165 3 3 1
1166 3 0 0
1167 3 0 0
1168 3 11 1
1169 3 3 1
1170 3 11 1
1171 3 1 0
1172 3 3 1
1173 3 1 0
1174 3 1 0
1175 3 4 1
1176 3 3 1
1177 3 1 0
1178 3 5 1
1179 3 4 1
1180 3 1 0
1181 3 1 0
1183 3 1 0
1184 3 2 1
1185 3 1 0
1189 3 1 0
1191 3 1 0
1192 3 1 0
1194 3 1 0
1195 3 1 0
1196 3 1 0
1197 3 3 1
1198 3 1 0
1199 3 1 0
1200 3 1 0
1203 3 1 0
1204 3 3 1
1205 3 3 1
1207 3 1 0
1212 3 3 1
1213 3 3 1
1214 3 3 1
1215 3 0 0
1216 3 1 0
1217 3 0 0
1218 3 0 0
1219 3 1 0
1220 3 0 0
1221 3 1 0
1222 3 3 1
1223 3 0 0
1224 3 2 1
1225 3 3 1
1226 3 3 1
1227 3 0 0
1228 3 0 0
1229 3 3 1
1230 3 3 1
1231 3 1 0
1233 3 1 0
1234 3 6 1
1235 3 3 1
1236 3 3 1
1237 3 3 1
1300 3 3 1
1301 3 4 1
1302 3 0 0
1303 3 5 1
1304 3 0 0
1305 3 0 0
1306 3 1 0
1307 3 3 1
1308 3 0 0
1309 3 1 0
1310 3 7 1
1311 3 1 0
1312 3 1 0
1313 3 3 1
1314 3 0 0
1315 3 0 0
1316 3 1 0
1317 3 4 1
1322 3 4 1
1323 3 1 0
1400 3 5 1
1401 3 3 1
1402 3 3 1
1404 3 4 1
1405 3 0 0
1406 3 2 1
1407 3 1 0
1408 3 3 1
1409 3 3 1
1410 3 3 1
1411 3 0 0
1412 3 2 1
1413 3 0 0
1414 3 3 1
1415 3 3 1
1416 3 4 1
1417 3 3 1
1418 3 0 0
1419 3 4 1
1420 3 1 0
1421 3 3 1
1422 3 3 1
1423 3 6 1
1424 3 3 1
1425 3 0 0
1426 3 4 1
1427 3 2 1
1428 3 1 0
1429 3 3 1
1430 3 3 1
1431 3 4 1
1432 3 3 1
1433 3 7 1
1434 3 3 1
1435 3 3 1
1436 3 4 1
1437 3 3 1
1439 3 2 1
1440 3 3 1
1441 3 3 1
1442 3 3 1
1443 3 1 0
1444 3 1 0
1451 3 0 0
1452 3 1 0
1453 3 4 1
1454 3 4 1
1455 3 3 1
1456 3 0 0
1457 3 3 1
1458 3 3 1
1459 3 3 1
1460 3 1 0
1461 3 5 1
1462 3 8 1
1463 3 16 1
1464 3 5 1
1465 3 3 1
1466 3 2 1
1467 3 1 0
1468 3 4 1
1469 3 2 1
1470 3 2 1
1471 3 1 0
1472 3 0 0
1473 3 1 0
1474 3 4 1
1475 3 3 1
1476 3 6 1
1477 3 1 0
1478 3 9 1
1479 3 19 1
1480 3 4 1
1481 3 20 1
1482 3 8 1
1483 3 8 1
1484 3 0 0
1485 3 26 1
1486 3 0 0
1487 3 0 0
1488 3 0 0
1500 3 1 0
1502 3 0 0
1503 3 1 0
1504 3 1 0
1505 3 1 0
1506 3 2 1
1507 3 2 1
1508 3 0 0
1509 3 1 0
1510 3 1 0
1511 3 1 0
1512 3 2 1
1513 3 2 1
1514 3 4 1
1515 3 2 1
1516 3 1 0
1517 3 1 0
1518 3 3 1
1520 3 2 1
1521 3 2 1
1522 3 2 1
1523 3 2 1
1524 3 3 1
1525 3 3 1
1526 3 3 1
1527 3 3 1
1528 3 3 1
1529 3 3 1
1530 3 170 1
1531 3 3 1
1532 3 1 0
1533 3 1 0
1534 3 3 1
1535 3 48 1
1536 3 1 0
1537 3 1 0
1538 3 14 1
1539 3 1 0
1540 3 3 1
1541 3 1 0
1542 3 3 1
1543 3 1 0
1544 3 1 0
1546 3 1 0
1548 3 1 0
1600 3 3 1
1601 3 0 0
1602 3 46 1
1603 3 1 0
1604 3 1 0
1605 3 5 1
1606 3 25 1
1609 3 5 1
1610 3 3 1
1611 3 0 0
1612 3 3 1
1613 3 1 0
1614 3 4 1
1615 3 3 1
1616 3 2 1
1617 3 0 0
1618 3 3 1
1650 3 3 1
1651 3 1 0
1653 3 1 0
1654 3 1 0
1655 3 4 1
1656 3 1 0
1658 3 1 0
1663 3 1 0
1664 3 1 0
1665 3 1 0
1666 3 1 0
1667 3 1 0
1668 3 0 0
1669 3 1 0
1670 3 1 0
1671 3 4 1
1680 3 1 0
1682 3 0 0
1683 3 17 1
3600 3 5 1
3601 3 1 0
3602 3 0 0
3603 3 4 1
3604 3 3 1
3605 3 3 1
3606 3 3 1
3607 1 0 0
3611 3 0 0
3612 3 4 1
3613 3 3 1
3617 3 0 0
3618 1 1 1
3619 3 6 1
3621 1 1 1
3800 3 3 1
3801 3 3 1
3802 3 3 1
3803 3 3 1
3807 3 3 1
3808 3 3 1
3811 3 3 1
3813 3 3 1
3814 3 3 1
3816 3 3 1
3817 3 3 1
3818 3 3 1
3819 3 3 1
3820 3 3 1
3821 3 9 1
3822 3 3 1
3824 3 3 1
3825 3 3 1
3826 3 3 1
5202 3 3 1
5203 3 3 1
5213 3 3 1
5214 3 3 1
5217 3 3 1
5219 3 1 0
5300 3 3 1
5302 3 4 1
5303 3 2 1
5304 3 6 1
5305 3 1 0
5306 3 3 1
5307 3 3 1
5308 3 3 1
5310 3 3 1
5400 3 3 1
5401 3 2 1
5402 3 3 1
5403 3 3 1
5407 3 3 1
5409 3 3 1
5410 3 3 1
5600 3 3 1
5601 3 1 0
5602 3 2 1
5605 3 4 1
5606 1 1 1
5800 3 4 1
5801 3 3 1
5802 3 3 1
5803 3 5 1
5806 3 5 1
5807 3 1 0
5808 3 3 1
5809 3 1 0
5812 3 2 1
5813 3 4 1
5814 4 4 1
5815 3 3 1
5817 3 7 1
5819 3 2 1
5820 3 4 1
5822 3 3 1
5824 3 3 1
5825 3 3 1
